99
0 0 20 80
1 0 25 85
2 0 30 90
3 0 35 95
4 0 40 100
5 0 45 105
6 0 50 110
7 0 55 115
8 0 60 120
9 0 65 125
10 0 70 130
11 0 75 137
12 0 80 144
13 0 85 151
14 0 90 158
15 0 95 165
16 0 100 172
17 0 105 179
18 0 110 186
19 0 115 193
20 0 120 200
21 23 130 197
22 46 140 194
23 69 150 191
24 92 160 188
25 115 170 185
26 138 180 182
27 161 190 179
28 184 200 176
29 207 210 173
30 230 220 170
31 226 216 162
32 222 212 154
33 218 208 146
34 214 204 138
35 210 200 130
36 201 198 125
37 192 196 120
38 183 194 115
39 174 192 110
40 165 190 105
41 156 188 100
42 147 186 95
43 138 184 90
44 129 182 85
45 120 180 80
46 115 179 79
47 109 177 77
48 104 176 76
49 99 175 75
50 93 173 73
51 88 172 72
52 83 171 71
53 77 169 69
54 72 168 68
55 67 167 67
56 61 165 65
57 56 164 64
58 51 163 63
59 45 161 61
60 40 160 60
61 44 156 59
62 48 152 59
63 52 148 58
64 56 144 57
65 60 140 57
66 64 136 56
67 68 132 55
68 72 128 55
69 76 124 54
70 80 120 53
71 84 116 53
72 88 112 52
73 92 108 51
74 96 104 51
75 100 100 50
76 102 102 55
77 104 104 61
78 106 106 66
79 108 108 71
80 110 110 77
81 112 112 82
82 114 114 87
83 116 116 93
84 118 118 98
85 120 120 103
86 122 122 109
87 124 124 114
88 126 126 119
89 128 128 125
90 130 130 130
91 142 142 142
92 154 154 154
93 166 166 166
94 178 178 178
95 190 190 190
96 202 202 202
97 214 214 214
98 226 226 226
99 238 238 238

