100
1 0 255 255
2 13 242 252
3 26 229 248
4 40 216 245
5 53 204 241
6 66 191 238
7 80 178 234
8 93 165 231
9 106 153 227
10 119 140 224
11 133 127 220
12 146 114 217
13 159 102 213
14 172 89 210
15 186 76 206
16 199 63 203
17 212 51 199
18 226 38 196
19 239 25 192
20 252 12 189
21 255 0 186
22 255 0 193
23 255 0 199
24 255 0 206
25 255 0 213
26 255 0 220
27 255 0 227
28 255 0 234
29 255 0 241
30 255 0 248
31 255 0 250
32 255 13 238
33 255 26 226
34 255 40 213
35 255 53 201
36 255 66 189
37 255 80 176
38 255 93 164
39 255 106 152
40 255 119 139
41 255 133 127
42 255 146 115
43 255 159 102
44 255 172 90
45 255 186 78
46 255 199 65
47 255 212 53
48 255 226 41
49 255 239 28
50 255 252 16
51 255 255 0
52 243 255 12
53 230 255 25
54 218 255 37
55 206 255 50
56 193 255 62
57 181 255 75
58 169 255 87
59 156 255 100
60 144 255 112
61 132 255 125
62 119 255 137
63 107 255 150
64 95 255 162
65 82 255 175
66 70 255 187
67 58 255 200
68 45 255 212
69 33 255 225
70 21 255 237
71 8 255 250
72 0 255 255
73 0 242 255
74 0 229 255
75 0 216 255
76 0 204 255
77 0 191 255
78 0 178 255
79 0 165 255
80 0 153 255
81 0 140 255
82 0 127 255
83 0 114 255
84 0 102 255
85 0 89 255
86 0 76 255
87 0 63 255
88 0 51 255
89 0 38 255
90 0 25 255
91 0 12 255
92 0 0 255
93 13 0 242
94 26 0 229
95 40 0 216
96 53 0 204
97 66 0 191
98 80 0 178
99 93 0 165
100 106 0 153