33 0
11 15 18 21 23 25 27 28 30 31 33 34 36 37 38 39 41 42 43 44 46 47 48 49 50 51 52 52 54 54 55 56 58 
15 17 19 22 24 26 27 29 30 32 33 35 36 37 38 39 40 42 43 44 45 47 48 49 50 51 51 52 53 54 55 56 56 
19 20 22 23 25 27 29 30 31 32 34 35 37 38 39 40 41 42 44 44 46 47 48 49 50 51 52 52 53 54 55 55 56 
22 23 24 25 26 28 29 31 32 33 34 36 37 39 40 41 42 43 44 45 46 47 48 49 50 51 51 52 53 54 54 55 55 
25 25 26 27 29 30 31 32 34 34 36 37 39 40 41 41 43 43 45 45 47 47 49 49 51 51 52 52 54 54 55 55 56 
27 28 28 29 30 32 33 34 35 36 37 38 39 41 41 42 43 44 45 46 47 48 49 50 50 51 52 53 53 54 54 55 55 
30 30 31 31 33 33 35 35 37 37 39 39 41 42 43 43 44 45 46 47 48 48 50 50 51 51 53 53 54 54 55 55 55 
32 32 33 34 34 35 36 37 38 39 40 41 42 43 43 44 45 46 47 48 48 49 50 51 51 52 52 53 53 54 54 55 55 
35 34 35 36 37 37 38 38 40 40 41 42 43 44 45 45 47 47 48 48 50 50 51 51 53 52 53 53 54 54 55 55 56 
37 37 37 38 38 39 39 40 41 42 42 43 44 45 45 46 47 48 48 49 50 51 51 52 52 53 53 53 53 54 54 55 55 
39 39 40 40 41 41 42 42 43 43 44 44 45 46 47 47 48 49 50 50 51 51 52 52 53 53 54 53 54 54 55 55 55 
41 41 41 42 42 43 43 44 44 45 45 46 46 47 47 48 49 50 50 51 51 52 52 53 53 53 53 54 54 54 54 55 55 
44 43 44 44 45 45 45 45 47 46 47 47 49 48 49 49 51 51 51 51 53 52 53 53 54 53 54 54 55 54 55 55 56 
46 46 46 46 46 47 47 47 48 48 48 49 49 50 50 51 51 52 52 52 52 53 53 53 53 54 54 54 54 55 55 55 55 
49 48 49 48 49 49 49 49 50 50 51 50 51 51 52 52 53 53 53 53 53 53 54 53 54 54 55 54 55 55 56 55 56 
51 51 51 51 51 51 51 51 51 52 52 52 52 52 52 53 54 54 54 54 54 54 54 54 54 55 55 55 55 55 55 56 56 
54 53 53 53 53 53 53 53 54 53 54 53 54 53 54 54 56 55 55 54 55 54 55 55 56 55 55 55 56 55 56 56 57 
55 55 55 55 55 55 55 55 55 55 55 55 55 55 55 56 56 56 55 55 55 55 55 55 55 55 55 55 55 56 56 56 56 
58 57 58 57 57 57 57 57 57 56 57 56 57 56 57 57 57 56 57 56 56 55 56 55 56 55 56 55 56 56 56 56 56 
60 60 59 59 59 59 59 59 58 58 58 58 58 58 58 58 57 57 57 57 56 56 56 56 56 56 56 56 56 56 56 56 56 
63 62 62 61 62 61 61 60 61 60 60 59 60 59 59 58 59 58 58 57 58 57 57 56 57 56 57 56 57 56 56 56 57 
64 64 64 64 63 63 62 62 62 62 61 61 60 60 59 59 59 59 58 58 58 58 57 57 57 57 57 57 56 56 56 56 56 
67 66 67 66 66 65 65 64 64 63 63 62 62 61 61 60 60 60 60 59 59 58 59 58 58 57 58 57 57 56 57 56 57 
69 69 68 68 67 67 66 66 66 65 64 64 63 62 61 61 61 61 60 60 59 59 59 59 58 58 57 57 57 57 57 57 57 
73 71 71 70 70 69 69 68 69 67 66 65 65 63 63 62 63 61 61 60 61 60 60 59 60 58 58 57 58 57 57 57 58 
74 74 73 72 71 71 70 70 69 68 67 66 65 65 64 64 63 62 61 61 61 61 60 60 59 59 58 58 57 57 57 57 57 
77 76 76 74 74 73 73 71 71 69 69 67 67 66 66 64 64 63 63 62 62 61 61 60 60 59 59 58 58 57 58 57 58 
79 79 78 77 76 75 74 73 72 71 70 69 68 67 66 65 64 64 63 63 62 62 61 61 60 60 59 59 58 58 58 58 58 
83 81 80 79 79 77 76 74 74 72 71 70 70 68 67 66 66 64 64 63 64 62 62 61 61 60 60 59 60 59 59 58 59 
85 84 82 81 79 78 76 75 74 73 72 71 70 69 68 67 66 65 64 64 63 63 62 62 61 61 60 60 59 59 59 59 59 
88 86 85 82 81 79 78 76 75 74 73 71 71 69 69 68 67 66 66 64 64 63 63 62 62 61 61 60 60 59 59 59 59 
91 89 86 84 82 80 78 77 76 75 73 72 71 70 69 69 68 67 66 65 64 63 62 62 62 61 60 60 59 59 59 59 59 
97 91 88 85 84 81 80 78 78 75 74 72 72 70 70 69 70 68 67 65 65 63 63 62 63 61 61 60 60 59 59 59 59 
